# Automorphisms of preserved-27 induced subgraph (structure)

- automorphisms: 8
- auto 0: order 1, cycles []
- auto 1: order 2, cycles [[0, 32], [1, 26], [4, 22], [13, 34], [16, 27], [18, 48], [19, 47], [20, 56], [25, 52], [35, 54]]
- auto 2: order 2, cycles [[0, 35], [4, 22], [13, 20], [18, 48], [19, 52], [23, 40], [25, 47], [32, 54], [34, 56], [41, 53]]
- auto 3: order 2, cycles [[0, 54], [1, 26], [13, 56], [16, 27], [19, 25], [20, 34], [23, 40], [32, 35], [41, 53], [47, 52]]
- auto 4: order 2, cycles [[0, 19], [1, 53], [4, 18], [6, 24], [13, 56], [16, 23], [22, 48], [25, 54], [26, 41], [27, 40], [32, 52], [35, 47]]
- auto 5: order 2, cycles [[0, 25], [1, 41], [4, 18], [6, 24], [16, 40], [19, 54], [20, 34], [22, 48], [23, 27], [26, 53], [32, 47], [35, 52]]
- auto 6: order 4, cycles [[0, 47, 54, 52], [1, 53, 26, 41], [4, 48], [6, 24], [13, 20, 56, 34], [16, 23, 27, 40], [18, 22], [19, 32, 25, 35]]
- auto 7: order 4, cycles [[0, 52, 54, 47], [1, 41, 26, 53], [4, 48], [6, 24], [13, 34, 56, 20], [16, 40, 27, 23], [18, 22], [19, 35, 25, 32]]
