7
336
168
25
290
196
97
146
268
385
74
52
1537
43008
86016
6145
50176
74240
24577
68608
37376
98305
13312
18944
393217
11010048
22020096
1572865
12845056
19005440
6291457
17563648
9568256
25165825
3407872
4849664
100663297
2818572288
5637144576
402653185
3288334336
4865392640
1610612737
4496293888
2449473536
6442450945
872415232
1241513984
33686016
67372032
33816578
67109378
132098
67239940
262660
33555460
60129542144
8589935120
34393292816
17180000272
34359738944
17213423680
8590065728
17179869952
8623489280
34359869696
8589935624
17180131336
34426847240
34359739424
8590196768
17246978080
17179870336
34360000640
8657043584
481036337152
68719478786
274878171136
137472509952
274877915138
137439223808
68753039360
137438986242
68719771648
274911494144
3848290697216
549756338178
2199090888704
1099512152576
2199025352706
1099580833792
549757911552
1099520016386
549831311360
2199031644672
30786325577728
4398180728834
17592320263168
8796227371008
17592722915330
8796629894144
4398583513088
8798240505858
4400193995776
17594333659136
68719480836
137506066432
274878042112
274877923332
68786601984
137439100928
137439019012
274945081344
68719673344
4398314946564
8796361719808
17592454480384
17593259786244
4399120515072
8797166764544
8800387989508
17596481273856
4402341478912
549756862468
1099512677376
2199057858560
2199027449860
549760009216
1099549376512
1099528404996
2199040033792
549806145536
134744064
269488128
135266312
268437512
528392
268959760
1050640
134221840
5016521801728
549755815968
4398047035424
68853694496
4398046513408
549890031872
68720001280
549755818048
68987912256
4398047559744
4398046515328
68720525440
550024249472
18700287606784
17592186060808
1099645861888
8590999552
1099511660552
17592187125760
8724185088
9088150798336
274882101256
8796097218560
17452498944
8796101410824
275154731008
17188259840
2370821947392
2200096997384
138513219584
35433484288
139586437128
2201170743296
36507746304
17592186052624
8590467072
1099780071424
1099511693328
8858435584
17592186634240
2199560126480
34896611328
137976872960
141733920784
38655754240
2203318224896
274880004112
17316184064
8796095123456
8796109799440
17196650496
275028901888
538976256
1077952512
541065248
1073750048
2113568
1075839040
4202560
536887360
20066087206912
2199023263872
17592188141696
275414777984
2199023272192
275951649024
17592190238976
9380208574464
8796093087776
550292750336
34363998208
4544075399168
137455730720
4398063296512
9680453632
1185410973696
1103806595104
73016541184
21474852864
8796093055040
34361868288
550829588480
1101659111488
19327361024
70871154688
137447342144
9135194112
4398054916096
2155905024
4311810048
2164260992
4295000192
8454272
4303356160
16810240
2147549440
10033043603456
6614249635840
17695265259520
833223655424
