540 240
3 12 57 66
6 12 60 69
9 12 63 72
3 24 59 67
6 24 62 70
9 24 65 73
3 36 58 68
6 36 61 71
9 36 64 74
4 50 64 70
10 50 61 67
7 50 58 73
4 51 63 71
10 51 60 68
7 51 57 74
4 52 65 69
10 52 62 66
7 52 59 72
5 53 62 74
8 53 65 68
11 53 59 71
5 54 60 73
8 54 63 67
11 54 57 70
5 55 61 72
8 55 64 66
11 55 58 69
0 15 76 105
6 15 141 147
9 15 144 150
0 27 86 123
6 27 142 149
9 27 146 151
0 39 96 114
6 39 143 148
9 39 145 152
1 137 146 148
1 138 144 149
1 139 145 147
2 134 143 151
2 135 141 152
2 136 142 150
10 76 135 148
7 76 138 151
10 86 136 147
7 86 137 152
10 96 134 149
7 96 139 150
8 105 136 146
11 105 139 143
8 114 135 144
11 114 137 142
8 123 134 145
11 123 138 141
0 18 79 108
3 18 154 174
9 18 201 204
0 30 89 126
3 30 161 186
9 30 202 206
0 42 99 117
3 42 168 180
9 42 203 205
1 174 198 206
1 180 199 204
1 186 197 205
2 154 196 202
2 161 194 203
2 168 195 201
4 79 195 205
10 79 161 198
4 89 196 204
10 89 168 197
4 99 194 206
10 99 154 199
5 108 199 203
11 108 186 196
5 117 197 202
11 117 174 195
5 126 198 201
11 126 180 194
0 21 82 111
3 21 157 177
6 21 208 219
0 33 92 129
3 33 164 189
6 33 212 225
0 45 102 120
3 45 171 183
6 45 216 222
1 177 222 235
1 183 225 233
1 189 219 234
2 157 216 231
2 164 208 232
2 171 212 230
4 82 212 234
7 82 183 231
4 92 216 233
7 92 177 232
4 102 208 235
7 102 189 230
5 111 225 232
8 111 171 235
5 120 219 231
8 120 164 233
5 129 222 230
8 129 157 234
15 24 77 107
18 24 80 110
21 24 83 113
15 36 78 106
18 36 81 109
21 36 84 112
17 48 81 113
23 48 78 110
20 48 84 107
16 49 83 109
19 49 77 112
22 49 80 106
23 51 76 109
20 51 82 106
17 51 79 112
19 52 76 113
16 52 82 110
22 52 79 107
20 54 83 105
23 54 77 108
17 54 80 111
22 55 81 105
16 55 84 108
19 55 78 111
12 27 88 124
18 27 156 175
21 27 158 179
12 39 97 116
18 39 155 176
21 39 159 178
23 57 138 156
20 57 139 159
19 66 135 178
22 66 136 175
13 132 159 175
13 135 157 176
13 138 158 174
23 88 132 155
20 88 136 157
19 97 132 179
22 97 139 174
14 133 156 178
14 136 154 179
14 139 155 177
20 116 133 158
23 116 135 154
22 124 133 176
19 124 138 177
12 30 91 127
15 30 162 188
21 30 210 220
12 42 100 119
15 42 170 181
21 42 209 221
17 60 198 210
23 60 181 199
16 69 196 220
22 69 170 195
13 141 195 221
13 162 198 219
13 181 192 220
23 91 141 196
17 91 192 209
16 100 199 219
22 100 188 192
14 147 199 209
14 170 193 210
14 188 196 208
23 119 162 193
17 119 195 208
22 127 147 198
16 127 193 221
12 33 94 130
15 33 166 190
18 33 213 227
12 45 103 122
15 45 172 185
18 45 218 223
17 63 223 235
20 63 190 234
16 72 218 231
19 72 166 232
13 144 213 234
13 166 223 228
13 185 201 231
20 94 172 228
17 94 201 232
19 103 144 235
16 103 227 228
14 150 227 232
14 172 204 235
14 190 218 229
20 122 150 231
17 122 213 229
16 130 204 234
19 130 185 229
27 36 87 125
30 36 90 128
33 36 93 131
35 48 88 128
32 48 94 125
29 48 91 131
34 49 90 124
28 49 93 127
31 49 87 130
31 50 86 131
28 50 92 128
34 50 89 125
35 52 86 127
32 52 92 124
29 52 89 130
32 53 93 123
35 53 87 126
29 53 90 129
34 54 91 123
28 54 94 126
31 54 88 129
24 39 98 115
30 39 163 187
33 39 165 191
35 59 137 163
32 59 138 166
34 67 134 187
31 67 136 190
31 77 132 191
34 77 138 186
25 132 166 187
25 136 164 188
25 137 165 186
35 98 132 162
32 98 134 164
32 107 133 165
35 107 136 161
34 115 133 188
31 115 137 189
26 133 163 190
26 134 161 191
26 138 162 189
24 42 101 118
27 42 169 182
33 42 214 226
35 62 175 198
29 62 197 214
34 70 156 196
28 70 194 226
28 80 198 225
34 80 182 192
25 142 196 227
25 169 197 225
25 175 192 226
35 101 142 194
29 101 192 213
35 110 169 193
29 110 196 212
34 118 149 197
28 118 193 227
26 149 198 213
26 156 193 214
26 182 194 212
24 45 104 121
27 45 173 184
30 45 217 224
32 65 184 233
29 65 220 234
28 73 210 232
31 73 173 230
31 83 146 234
28 83 224 228
25 146 217 233
25 173 220 228
25 179 202 232
32 104 158 228
29 104 202 230
32 113 151 232
29 113 217 229
28 121 206 233
31 121 179 229
26 151 224 230
26 158 206 234
26 184 210 229
44 48 104 116
41 48 101 122
47 48 98 119
43 49 97 121
46 49 100 115
40 49 103 118
47 50 96 118
44 50 102 115
41 50 99 121
43 51 96 122
40 51 102 119
46 51 99 116
46 53 101 114
40 53 104 117
43 53 98 120
44 55 103 114
47 55 97 117
41 55 100 120
44 58 137 173
47 58 139 170
43 68 134 184
46 68 135 181
47 78 132 169
44 78 135 171
43 87 132 185
46 87 137 180
37 132 173 181
37 134 171 182
37 139 172 180
46 106 133 182
43 106 139 183
38 133 170 184
38 135 168 185
38 137 169 183
44 125 133 172
47 125 134 168
41 61 199 218
47 61 187 197
46 71 163 194
40 71 195 223
47 81 143 195
41 81 192 217
40 90 197 222
46 90 176 192
37 143 194 224
37 155 199 222
37 187 192 223
46 109 148 199
40 109 193 224
38 148 197 217
38 163 193 218
38 176 195 216
47 128 155 193
41 128 194 216
44 64 178 235
41 64 226 233
43 74 159 231
40 74 214 230
44 84 165 228
41 84 203 231
43 93 145 233
40 93 221 228
37 145 209 235
37 159 226 228
37 191 203 230
40 112 205 235
43 112 191 229
38 152 221 231
38 165 205 233
38 178 214 229
44 131 152 230
41 131 209 229
56 153 215 238
56 163 178 210
56 173 175 223
64 81 146 175
58 81 174 238
63 88 146 215
60 88 173 222
62 104 153 222
59 104 174 223
62 113 148 178
59 113 177 215
60 116 148 238
63 116 163 206
64 128 153 206
58 128 177 210
56 156 184 218
56 166 181 226
56 167 211 237
64 78 144 211
61 78 166 225
60 94 167 225
57 94 180 226
65 101 144 181
59 101 180 237
65 110 167 204
59 110 183 218
60 122 149 184
57 122 183 211
61 125 149 237
64 125 156 204
56 159 187 220
56 160 207 239
56 170 190 214
61 84 160 219
58 84 186 220
63 91 145 187
57 91 186 239
65 98 145 207
62 98 159 219
62 107 147 239
65 107 170 205
63 119 160 205
57 119 189 214
61 131 147 190
58 131 189 207
70 83 143 159
67 83 157 215
68 90 157 220
74 90 153 202
69 97 143 238
72 97 187 202
74 109 151 156
68 109 154 238
67 121 154 218
70 121 153 216
72 124 151 215
69 124 184 216
70 77 141 239
73 77 181 203
71 93 141 166
68 93 164 207
66 100 164 226
72 100 160 203
68 112 161 210
71 112 160 208
73 115 152 207
70 115 178 208
72 127 152 163
66 127 161 239
67 80 171 223
73 80 167 201
71 87 142 237
74 87 175 201
69 103 142 173
66 103 171 211
74 106 150 211
71 106 190 212
73 118 150 170
67 118 168 237
66 130 168 214
69 130 167 212
82 86 169 221
79 86 175 239
82 96 159 211
79 96 191 213
75 140 211 239
75 146 169 205
75 143 191 212
83 118 140 221
77 118 144 205
81 131 140 213
78 131 141 212
76 92 166 215
79 92 165 176
76 102 162 224
79 102 160 223
75 148 165 225
75 161 171 224
75 160 215 236
83 115 148 219
80 115 176 236
84 128 157 161
78 128 162 236
76 89 185 217
82 89 167 220
76 99 181 238
82 99 158 182
75 151 182 203
75 167 200 238
75 183 186 217
77 121 185 200
80 121 174 183
81 125 151 201
84 125 158 200
92 96 155 227
89 96 187 237
93 109 140 227
87 109 146 204
91 122 140 217
88 122 142 216
85 140 215 237
85 145 155 204
85 141 185 216
86 102 173 207
89 102 172 188
93 106 147 225
90 106 188 236
94 119 164 168
88 119 169 236
85 147 172 222
85 157 168 221
85 167 207 236
86 99 179 209
92 99 153 226
87 112 179 200
90 112 177 186
91 116 152 202
94 116 165 200
85 152 176 201
85 153 200 239
85 177 180 209
101 113 140 209
98 113 143 208
95 140 207 238
95 144 162 206
95 142 179 208
103 127 140 224
97 127 145 206
104 110 154 171
98 110 155 236
95 149 158 219
95 154 164 227
95 153 211 236
103 124 149 222
100 124 182 236
101 107 150 203
104 107 172 200
95 150 188 202
95 160 200 237
95 174 189 213
97 130 191 200
100 130 180 189
108 114 165 227
111 114 178 211
108 123 156 239
111 123 182 209
105 117 170 238
111 117 169 179
105 126 172 224
111 126 167 210
105 120 188 217
108 120 160 218
105 129 190 215
108 129 155 191
117 123 158 221
120 123 184 207
114 126 163 237
120 126 162 185
114 129 176 213
117 129 153 214
