0 1
1 15
3 60
7 20
9 45
11 180
15 60
19 180
21 60
23 180
27 360
29 360
31 360
53 30
55 180
63 90
75 90
79 60
90 60
91 360
93 90
95 180
98 15
99 180
103 180
107 360
111 360
115 360
117 120
119 360
121 360
123 720
125 360
127 360
150 45
151 90
158 360
159 360
174 72
175 360
183 360
191 360
222 180
223 180
235 360
237 180
238 360
239 720
243 120
247 720
253 180
254 720
255 720
366 60
367 360
383 360
511 120
591 10
607 90
626 45
627 360
631 180
634 90
635 360
639 180
695 360
699 180
702 360
703 720
751 180
758 180
759 720
767 360
881 60
883 180
885 120
886 180
887 360
889 180
891 180
893 360
894 180
895 360
951 180
957 360
958 360
959 720
1017 90
1019 360
1022 360
1023 360
1775 60
1782 90
1783 360
1791 360
1909 15
1911 90
1919 45
2039 180
2047 180
4095 15
4149 6
4151 60
4159 90
4221 180
4223 180
4287 360
4345 60
4347 180
4349 120
4351 360
4479 360
4561 15
4563 120
4567 180
4571 180
4575 360
4597 60
4599 360
4607 360
4730 15
4731 120
4735 60
4859 180
4862 180
4863 360
5023 180
5053 90
5055 360
5087 90
5113 60
5115 120
5117 180
5118 360
5119 360
5823 72
5887 360
6005 15
6007 90
6015 45
6135 180
6143 180
7070 10
7071 60
7103 60
7135 90
7163 60
7167 180
8191 45
13305 6
13307 30
13311 60
14327 20
14335 60
16383 15
32767 1
