n=28 records=58282126 syndrome_groups=46732216 multishard_groups=1722399
VERTICES
0 1 2 2190670 1531651 283604 498258 440135
1 1 3 2162940 1517306 212069 366274 332153
2 2 3 2162940 1517306 212003 366274 332009
3 1 4 2135445 1503051 200940 342718 316905
4 2 4 2135445 1503051 201051 342718 317169
5 3 4 2135445 1503051 357882 642842 549477
6 1 5 2108184 1488922 190381 319936 302581
7 2 5 2108184 1488922 190339 319936 302470
8 3 5 2108184 1488922 319005 560882 493736
9 4 5 2108184 1488922 319095 560882 493979
10 1 6 2081156 1475100 193030 324107 306991
11 2 6 2081156 1475100 193066 324107 307045
12 3 6 2081156 1475100 273137 473363 425943
13 4 6 2081156 1475100 258020 449507 401181
14 5 6 2081156 1475100 258044 449507 401262
15 1 7 2054360 1461382 182918 302510 293516
16 2 7 2054360 1461382 182873 302510 293429
17 3 7 2054360 1461382 224430 380465 354933
18 4 7 2054360 1461382 239634 404321 379860
19 5 7 2054360 1461382 224691 380753 355344
20 6 7 2054360 1461382 250070 429144 394178
21 1 8 2027795 1447787 173145 281576 280452
22 2 8 2027795 1447787 173145 281576 280452
23 3 8 2027795 1447787 191470 314096 309318
24 4 8 2027795 1447787 191554 314096 309510
25 5 8 2027795 1447787 206554 337664 334125
26 6 8 2027795 1447787 212444 354171 340627
27 7 8 2027795 1447787 212618 354171 341050
EDGES
0 1 14310 25533 22036
0 2 14310 25533 22036
0 3 14247 25254 22018
0 4 14247 25254 22018
0 5 18202 33510 27476
0 6 14184 24975 22000
0 7 14184 24975 22000
0 8 14184 24975 22000
0 9 14184 24975 22000
0 10 14142 24948 21916
0 11 14142 24948 21916
0 12 5768 9373 9264
0 13 757 1233 1167
0 14 757 1233 1167
0 15 14082 24681 21913
0 16 14082 24681 21913
0 17 631 957 1023
0 18 5669 9097 9177
0 19 682 1083 1074
0 20 18001 32796 27365
0 21 14022 24414 21910
0 22 14022 24414 21910
0 23 580 858 954
0 24 580 858 954
0 25 5591 8872 9108
0 26 14022 24414 21910
0 27 14022 24414 21910
1 2 3160 5340 5100
1 3 10250 16806 16465
1 4 18142 33270 27446
1 5 14193 25050 21988
1 6 9074 14853 14596
1 7 14130 24771 21970
1 8 14130 24771 21970
1 9 2992 4884 4896
1 10 14513 25648 22489
1 11 5624 9013 9073
1 12 14106 24792 21895
1 13 5708 9196 9208
1 14 721 1176 1105
1 15 14210 24961 22123
1 16 472 675 784
1 17 14070 24657 21895
1 18 535 786 880
1 19 586 894 946
1 20 583 906 922
1 21 14084 24559 22027
1 22 451 639 754
1 23 13989 24276 21892
1 24 544 801 892
1 25 5537 8713 9058
1 26 5504 8665 8989
1 27 451 639 754
2 3 18142 33270 27446
2 4 10250 16806 16465
2 5 14193 25050 21988
2 6 14130 24771 21970
2 7 9074 14853 14596
2 8 14130 24771 21970
2 9 2992 4884 4896
2 10 5624 9013 9073
2 11 14513 25648 22489
2 12 14106 24792 21895
2 13 721 1176 1105
2 14 5708 9196 9208
2 15 472 675 784
2 16 14210 24961 22123
2 17 14049 24543 21895
2 18 5609 8920 9121
2 19 595 900 961
2 20 5600 8932 9085
2 21 451 639 754
2 22 14084 24559 22027
2 23 14010 24390 21892
2 24 484 687 811
2 25 484 687 811
2 26 451 639 754
2 27 451 639 754
3 4 2980 4860 4884
3 5 10166 16536 16512
3 6 7925 12927 12781
3 7 10118 16320 16500
3 8 2914 4680 4800
3 9 14076 24567 21940
3 10 14197 24984 22034
3 11 480 684 792
3 12 5660 9052 9163
3 13 14073 24648 21871
3 14 537 804 858
3 15 14098 24645 21974
3 16 5503 8668 8973
3 17 517 762 847
3 18 14037 24519 21877
3 19 5497 8650 8967
3 20 5524 8710 9015
3 21 14014 24333 21938
3 22 414 582 690
3 23 466 663 778
3 24 13977 24252 21874
3 25 357 480 609
3 26 357 480 609
3 27 414 582 690
4 5 10166 16536 16512
4 6 10118 16320 16500
4 7 7925 12927 12781
4 8 2914 4680 4800
4 9 14076 24567 21940
4 10 480 684 792
4 11 14197 24984 22034
4 12 643 1020 1006
4 13 14094 24768 21877
4 14 480 684 792
4 15 5503 8668 8973
4 16 14098 24645 21974
4 17 5567 8794 9082
4 18 14016 24399 21871
4 19 498 744 798
4 20 474 684 780
4 21 414 582 690
4 22 14014 24333 21938
4 23 466 663 778
4 24 13977 24252 21874
4 25 5449 8506 8937
4 26 414 582 690
4 27 5449 8506 8937
5 6 2914 4680 4800
5 7 2914 4680 4800
5 8 7925 12927 12781
5 9 7925 12927 12781
5 10 5660 9052 9163
5 11 643 1020 1006
5 12 14197 24984 22034
5 13 14197 24984 22034
5 14 52079 99552 75787
5 15 517 762 847
5 16 5567 8794 9082
5 17 14098 24645 21974
5 18 14098 24645 21980
5 19 32511 60003 48424
5 20 37473 71821 55794
5 21 466 663 778
5 22 466 663 778
5 23 14014 24333 21938
5 24 14014 24333 21938
5 25 13120 22398 21184
5 26 18082 34147 27549
5 27 18082 34147 27549
6 7 2848 4500 4716
6 8 10070 16140 16464
6 9 10070 16140 16464
6 10 14061 24624 21853
6 11 462 660 759
6 12 462 660 759
6 13 462 660 759
6 14 14061 24624 21853
6 15 14004 24375 21853
6 16 423 600 699
6 17 423 600 699
6 18 5455 8524 8928
6 19 14004 24375 21853
6 20 438 624 723
6 21 13947 24126 21853
6 22 5407 8380 8898
6 23 5407 8380 8898
6 24 339 456 576
6 25 13947 24126 21853
6 26 339 456 576
6 27 5407 8380 8898
7 8 10070 16140 16464
7 9 10070 16140 16464
7 10 462 660 759
7 11 14061 24624 21853
7 12 5515 8692 8970
7 13 462 660 759
7 14 14061 24624 21853
7 15 423 600 699
7 16 14004 24375 21853
7 17 360 492 606
7 18 423 600 699
7 19 14004 24375 21853
7 20 438 624 723
7 21 5407 8380 8898
7 22 13947 24126 21853
7 23 339 456 576
7 24 5407 8380 8898
7 25 13947 24126 21853
7 26 5407 8380 8898
7 27 339 456 576
8 9 2848 4500 4716
8 10 462 660 759
8 11 5515 8692 8970
8 12 14061 24624 21853
8 13 52003 99192 75696
8 14 14061 24624 21853
8 15 423 600 699
8 16 360 492 606
8 17 14004 24375 21853
8 18 32435 59733 48324
8 19 14004 24375 21853
8 20 17914 32400 27344
8 21 5407 8380 8898
8 22 339 456 576
8 23 13947 24126 21853
8 24 13044 22191 21075
8 25 13947 24126 21853
8 26 13947 24126 21853
8 27 13947 24126 21853
9 10 462 660 759
9 11 462 660 759
9 12 52003 99192 75696
9 13 14061 24624 21853
9 14 14061 24624 21853
9 15 5455 8524 8928
9 16 423 600 699
9 17 32435 59733 48324
9 18 14004 24375 21853
9 19 14004 24375 21853
9 20 17914 32400 27344
9 21 339 456 576
9 22 5407 8380 8898
9 23 13044 22191 21075
9 24 13947 24126 21853
9 25 13947 24126 21853
9 26 13947 24126 21853
9 27 13947 24126 21853
10 11 2536 3780 4298
10 12 9992 15864 16428
10 13 9992 15864 16428
10 14 10034 16104 16392
10 15 8435 13161 13869
10 16 17860 32190 27326
10 17 420 600 693
10 18 5431 8434 8946
10 19 354 480 600
10 20 13956 24201 21835
10 21 7838 12180 12912
10 22 13899 23952 21835
10 23 5368 8266 8880
10 24 321 432 546
10 25 258 330 453
10 26 13899 23952 21835
10 27 2374 3384 4118
11 12 9992 15864 16428
11 13 10034 16104 16392
11 14 9992 15864 16428
11 15 17860 32190 27326
11 16 8435 13161 13869
11 17 5431 8434 8946
11 18 354 480 600
11 19 420 600 693
11 20 13956 24201 21835
11 21 13899 23952 21835
11 22 7838 12180 12912
11 23 321 432 546
11 24 258 330 453
11 25 5368 8266 8880
11 26 13899 23952 21835
11 27 2374 3384 4118
12 13 2536 3780 4298
12 14 2536 3780 4298
12 15 420 600 693
12 16 5431 8434 8946
12 17 8435 13161 13869
12 18 17860 32190 27326
12 19 17860 32190 27326
12 20 13956 24201 21835
12 21 5368 8266 8880
12 22 321 432 546
12 23 7838 12180 12912
12 24 13899 23952 21835
12 25 13899 23952 21835
12 26 13899 23952 21835
12 27 2374 3384 4118
13 14 2536 3780 4298
13 15 5431 8434 8946
13 16 354 480 600
13 17 17860 32190 27326
13 18 8435 13161 13869
13 19 17860 32190 27326
13 20 13956 24201 21835
13 21 321 432 546
13 22 258 330 453
13 23 13899 23952 21835
13 24 7838 12180 12912
13 25 13899 23952 21835
13 26 13899 23952 21835
13 27 2374 3384 4118
14 15 354 480 600
14 16 420 600 693
14 17 17860 32190 27326
14 18 17860 32190 27326
14 19 8435 13161 13869
14 20 13956 24201 21835
14 21 258 330 453
14 22 5368 8266 8880
14 23 13899 23952 21835
14 24 13899 23952 21835
14 25 7838 12180 12912
14 26 13899 23952 21835
14 27 2374 3384 4118
15 16 2362 3360 4106
15 17 9956 15828 16356
15 18 9932 15648 16398
15 19 9956 15828 16356
15 20 9980 15948 16344
15 21 7268 11226 12009
15 22 9938 15762 16350
15 23 162 180 306
15 24 222 270 399
15 25 5305 8116 8814
15 26 2299 3210 4034
15 27 13851 23778 21817
16 17 9932 15648 16398
16 18 9956 15828 16356
16 19 9956 15828 16356
16 20 9980 15948 16344
16 21 9938 15762 16350
16 22 7268 11226 12009
16 23 222 270 399
16 24 5305 8116 8814
16 25 162 180 306
16 26 2299 3210 4034
16 27 13851 23778 21817
17 18 2362 3360 4106
17 19 2362 3360 4106
17 20 9980 15948 16344
17 21 162 180 306
17 22 222 270 399
17 23 7268 11226 12009
17 24 9938 15762 16350
17 25 9938 15762 16350
17 26 2299 3210 4034
17 27 13851 23778 21817
18 19 2362 3360 4106
18 20 9980 15948 16344
18 21 222 270 399
18 22 5305 8116 8814
18 23 9938 15762 16350
18 24 7268 11226 12009
18 25 9938 15762 16350
18 26 2299 3210 4034
18 27 13851 23778 21817
19 20 9980 15948 16344
19 21 5305 8116 8814
19 22 162 180 306
19 23 9938 15762 16350
19 24 9938 15762 16350
19 25 7268 11226 12009
19 26 2299 3210 4034
19 27 13851 23778 21817
20 21 2299 3210 4034
20 22 2299 3210 4034
20 23 2299 3210 4034
20 24 2299 3210 4034
20 25 2299 3210 4034
20 26 7268 11226 12009
20 27 7268 11226 12009
21 22 2236 3060 3962
21 23 9896 15612 16326
21 24 9896 15612 16326
21 25 9896 15612 16326
21 26 9896 15612 16326
21 27 9896 15612 16326
22 23 9896 15612 16326
22 24 9896 15612 16326
22 25 9896 15612 16326
22 26 9896 15612 16326
22 27 9896 15612 16326
23 24 2236 3060 3962
23 25 2236 3060 3962
23 26 9896 15612 16326
23 27 9896 15612 16326
24 25 2236 3060 3962
24 26 9896 15612 16326
24 27 9896 15612 16326
25 26 9896 15612 16326
25 27 9896 15612 16326
26 27 2236 3060 3962
