0000249249249249 0000000000000000 0000000000000000 0000000000000000
4300000000000000 0000000000000445 0004800092000000 0000800400480000
0000000000000000 00022200000a1800 0000000000949000 0000400102800000
0000000000000000 6000000042a00000 0210118000000004 0000200000001300
0000000000000000 0188005480000000 3000001500000000 0000100008018000
001c000000000491 0000004912449000 0000000000000000 0000000000000000
0000000000854000 0000700000000000 000000001c000000 0000000804001092
00000002a4000000 0000000000000000 e00000000000000e 0000046000700000
000050c000000000 001c000000000000 00050028011002a0 0000000000000000
1500000000000000 0000000000000232 0120248000000000 0000400010048000
00e0000000000921 4924920000000000 0000000000000002 0000000000000000
0000000000312000 00000000001c0000 00000000e0000000 0000049038000000
000000088a000000 0000000001c00000 0008a20000044310 0000000000000000
0000462000000000 0000003800000000 0070000000000000 0000000400020885
a900000000000000 0000000000000188 4800004900000000 0000200084800000
000000000000050c 000000000000001c 00000912240001c0 0000000000000000
0000000000462000 0000000000038000 0001c00000000000 0000000080200249
4831000921000000 0002492400000002 0000000000000000 0000000000000000
00002a4000000000 0700000000000000 0380000000000000 000002a007000000
0000000000000000 8800000028600000 00000000010a3008 0000800020028000
0000000000000854 00000000000000e0 000000000000e000 000000000111001c
000000000050c000 00000e0000000000 5000140000480920 0000000000000000
0000000312000000 0000000070000000 0000007000000000 0000031e00000000
2485921000000000 2000000000124001 0000000000000009 0000000000000000
0000000000000000 0230010a80000000 0008400046000000 0000400000004500
00000000000002a4 0000000000000700 0000000001c00000 000001c000000e00
9249000000921000 0490000049000000 0000000000000000 0000000000000000
0000000854000000 c000000000000000 0000000e00000001 0000000100044046
000088a000000000 0000000700000000 8800000088028850 0000000000000000
0000000000000000 0000c40000054800 00c00a8000000000 0000100200180000
0e0000000000088a 0000000000000000 2492400000000e00 0000000000000000
7000000000000462 0000000000000000 0000000000380000 00000002480000e0
8000000000000312 0000000000000003 0000000000070000 00000e0000007000
0092000000491000 9000009200000124 0000000000000004 0000000000000000
000000000088a000 0000000000007000 0220004400012490 0000000000000000
00000000002a4000 0003800000000000 000e000000000000 0000092000070000
0046000491000000 0248000000092248 0000000000000000 0000000000000000
000000050c000000 3800000000000000 0140000050a00460 0000000000000000
0000000462000000 000000000e000000 1c00000000000000 0000000012000431
002a491000000000 0001240024800490 0000000000000000 0000000000000000
0000854000000000 00e0000000000000 0000070000000000 000000002040202a
0000312000000000 000001c000000000 0000380000000000 00000851c0000000
0000000000000000 000118000010a800 8400002300000000 0000800000002900
0000000000000000 1000000015200000 000300002a000003 0000100041800000
0000000000000000 044400a180000000 0000000000615000 0000200800280000
