-4 1 1 5 4 2 1 3 -1 -2 -2 0 0 0 0 0 1 1 1 0 1 -1 1 0 
-2 -2 -1 0 0 0 0 1 0 0 -1 2 -1 0 -1 0 -1 0 0 1 -1 1 0 -1 
-2 1 0 5 3 2 1 3 -2 -2 -1 0 -1 -1 0 -1 1 0 0 0 0 0 0 0 
0 2 1 2 2 0 0 2 -1 -1 -2 1 0 0 1 0 1 0 1 0 0 0 1 0 
-8 -2 0 9 6 4 1 6 -2 -3 -2 -1 -1 0 -1 -1 1 1 1 0 2 -1 0 -1 
2 0 1 -5 -3 -1 0 -4 2 2 2 0 1 1 0 1 -1 1 -1 0 0 0 0 1 
7 2 0 -8 -5 -3 -1 -6 2 3 3 -1 1 0 1 1 0 -1 -1 -1 -1 0 0 1 
-3 0 -1 2 2 1 1 1 0 -1 -1 1 -1 -1 -1 0 0 0 0 1 -1 0 0 -1 
1 0 0 -3 -1 -1 -1 -2 1 2 1 0 1 1 1 1 0 0 0 0 0 0 0 0 
-7 1 0 9 6 4 2 5 -2 -4 -3 1 -1 -1 -1 -1 1 1 1 0 0 -1 1 -1 
0 1 0 1 1 0 1 1 0 -1 -1 1 -1 -1 0 0 0 0 0 1 -1 1 0 0 
2 2 1 -2 -1 -1 0 -2 1 1 0 0 1 0 1 1 0 0 0 0 0 0 0 1 
-7 1 0 10 7 4 3 7 -3 -5 -4 1 -3 -2 -2 -1 1 1 1 1 0 -1 1 -1 
3 -2 0 -7 -4 -3 -3 -3 2 4 1 0 1 2 1 1 0 -1 0 0 0 1 0 0 
17 0 0 -21 -15 -8 -5 -15 6 9 9 -3 4 2 3 2 -2 -2 -3 -2 -1 1 -2 2 
-1 3 1 3 4 0 2 3 -1 -2 -3 2 -1 -1 0 0 1 0 1 1 0 0 1 0 
-1 3 1 4 3 1 2 2 -1 -2 -2 0 0 -1 0 0 1 0 1 0 0 -1 1 1 
-11 0 -1 15 9 6 3 8 -3 -6 -4 0 -1 -2 -2 -2 1 1 2 0 1 -2 1 -1 
-4 0 -1 5 2 2 2 1 0 -2 0 0 0 -1 -1 -1 0 1 0 0 0 0 0 1 
7 0 1 -8 -6 -3 -2 -4 2 2 2 0 1 1 1 1 -1 0 -1 0 -1 1 0 1 
8 1 1 -10 -6 -4 -1 -6 2 3 2 1 1 1 1 2 -2 0 -1 0 -1 1 0 1 
-6 0 0 8 6 3 3 6 -3 -4 -3 2 -3 -1 -2 -1 0 1 1 1 0 0 1 -1 
8 1 1 -8 -5 -3 -1 -4 1 2 2 0 0 1 1 1 -1 0 -1 0 -1 1 0 0 
-1 -2 0 -1 -1 0 -1 -1 1 1 1 -1 1 1 0 0 0 0 0 0 1 0 -1 0 
-8 -3 -3 7 4 2 1 4 -1 -2 -2 1 -1 -1 -2 -1 0 0 1 0 0 0 0 -1 
-5 -1 1 6 4 3 0 5 -2 -3 -3 1 -1 0 -1 0 0 1 1 1 0 0 1 -1 
8 0 1 -11 -7 -4 -3 -6 3 5 3 -1 2 2 2 1 0 -1 -1 0 0 1 -1 1 
-7 -4 -3 5 2 2 -1 3 0 -1 -1 0 0 0 -1 -1 0 0 1 0 0 0 0 -1 
0 -2 -2 -3 -2 -2 0 -2 1 2 1 1 0 0 -1 0 -1 -1 0 0 0 1 -1 0 
-5 -2 -1 4 3 1 0 3 -1 -1 -2 1 0 0 -1 0 0 0 1 0 0 0 0 -1 
4 5 2 -2 0 -1 2 -2 0 0 0 0 0 -1 1 1 1 0 -1 0 0 -1 0 1 
1 0 1 -2 -1 0 -1 -1 0 1 0 0 0 0 0 1 0 0 -1 0 0 0 0 0 
-8 -3 -3 6 3 2 0 3 0 -1 -2 1 0 -1 -2 -1 0 0 1 0 0 0 0 -1 
-1 -4 -2 -4 -3 -2 -3 -2 2 3 1 0 1 1 0 1 0 -1 0 0 0 1 -1 0 
5 -2 1 -9 -6 -2 -3 -5 2 4 3 -1 1 2 1 1 -1 0 -2 0 0 1 -1 0 
2 -5 -2 -7 -6 -2 -3 -5 3 4 4 -1 2 2 0 0 -2 0 -1 -1 0 1 -1 0 
5 3 3 -3 -1 -1 1 -1 0 0 0 0 0 0 1 1 0 0 -1 1 0 0 0 1 
-17 1 -1 22 15 8 6 14 -6 -10 -8 3 -4 -3 -4 -2 1 2 3 1 1 -2 2 -2 
7 0 -1 -9 -7 -3 -2 -8 3 5 5 -2 3 1 2 0 -1 -1 -1 -2 0 0 -1 1 
-3 -2 -1 2 1 1 -1 2 -1 0 -1 0 0 0 0 0 0 0 0 0 0 0 0 -1 
-5 2 1 8 6 3 4 5 -2 -4 -2 0 -2 -1 -1 -1 1 2 0 1 1 -1 0 0 
0 -1 -1 -1 -1 -1 0 -1 1 1 1 0 0 0 0 0 0 0 0 0 0 1 0 1 
2 0 1 -2 -1 -1 -1 0 0 1 0 0 0 1 1 0 1 0 0 0 0 1 0 0 
2 1 1 0 0 0 0 0 0 -1 0 -1 0 0 1 0 0 0 0 0 0 0 0 0 
4 -2 0 -5 -5 -1 -3 -4 2 2 3 -2 2 1 1 0 -1 0 -1 -1 -1 0 0 0 
0 1 1 -1 0 0 0 0 0 0 -1 1 0 0 0 1 0 0 0 1 -1 0 0 0 
3 4 2 0 0 0 1 -1 0 -1 0 -1 0 -1 1 0 1 0 -1 0 0 -1 0 1 
1 -1 -1 -2 -1 -1 -1 -1 0 1 1 0 0 0 0 0 0 -1 0 -1 0 0 0 0 
