7 -2 -2 -11 -9 -4 -3 -9 4 5 5 -1 3 1 1 1 -2 -1 -1 -1 -2 1 -1 1 
-3 4 2 8 6 3 3 5 -3 -4 -3 0 -2 -2 0 -1 2 1 0 0 1 -1 1 0 
-9 1 1 13 10 5 3 10 -5 -6 -6 2 -3 -1 -2 -1 1 1 2 1 1 -1 2 -2 
1 -1 -1 -2 -2 0 -1 -2 0 1 1 0 1 0 0 0 -1 0 0 -1 -1 0 0 -1 
0 -1 -1 -1 -1 -1 0 -1 1 0 0 1 0 0 -1 0 -1 0 0 1 -1 1 0 0 
10 0 0 -12 -10 -4 -3 -10 4 5 6 -3 3 1 2 1 -1 -1 -2 -2 -1 0 -1 2 
4 0 1 -5 -3 -2 -2 -2 1 2 1 0 1 1 1 1 0 -1 0 0 0 0 0 1 
0 4 2 4 4 0 2 4 -2 -2 -3 1 -1 -1 1 0 2 0 1 1 1 0 1 1 
0 0 0 0 0 0 0 0 -1 0 0 0 0 0 0 0 0 0 0 0 0 0 0 0 
1 2 0 2 1 0 1 1 -1 -2 -1 1 0 -1 0 0 0 0 1 0 -1 0 1 0 
-7 4 2 13 10 4 4 10 -5 -6 -7 2 -3 -2 -1 -1 2 1 2 1 1 -1 2 -1 
5 -1 -1 -8 -6 -3 -2 -6 2 4 3 -1 2 1 1 1 -1 -1 -1 -1 -1 0 -1 0 
7 1 2 -7 -4 -3 -2 -3 1 3 1 0 1 1 2 1 0 -1 -1 0 0 1 0 1 
7 0 0 -10 -7 -3 -2 -8 3 4 4 -1 2 0 1 1 -1 -1 -2 -1 -1 0 -1 1 
-3 -3 -1 0 0 0 -1 1 0 1 0 0 0 1 -1 0 0 0 0 0 1 0 -1 -1 
2 0 0 -1 -2 0 -1 -1 0 1 1 -1 1 0 1 -1 0 0 0 -1 0 0 0 0 
6 -1 -1 -9 -7 -3 -2 -7 3 4 4 -1 2 1 1 1 -2 -1 -1 -1 -1 0 -1 1 
1 -2 -3 -3 -3 -2 -1 -3 2 2 2 0 1 0 0 0 -1 -1 0 0 -1 1 -1 0 
-7 -1 -1 9 5 4 2 5 -2 -4 -2 0 -2 -1 -2 -1 0 1 1 0 0 -1 1 -1 
0 0 0 0 0 0 0 0 0 0 0 0 0 0 0 0 0 0 0 -1 0 0 0 0 
1 -2 0 -3 -3 0 -2 -2 1 2 2 -2 1 1 1 0 0 0 -1 -1 0 0 -1 0 
-2 2 2 6 4 3 1 4 -2 -3 -2 -1 -1 -1 0 -1 1 1 0 0 1 -1 1 0 
-2 1 2 4 4 1 1 5 -2 -2 -3 1 -1 0 0 0 1 0 1 1 1 0 0 0 
7 -1 -1 -10 -7 -4 -2 -7 4 4 4 -1 2 1 1 1 -1 -1 -1 0 -1 1 -1 1 
4 -1 1 -6 -4 -2 -2 -3 1 3 2 0 1 1 1 1 0 0 -1 0 0 1 0 1 
3 1 0 -3 -1 -2 0 -1 1 1 0 0 0 0 1 0 0 -1 0 1 0 1 -1 0 
2 0 0 -2 -2 0 -1 -2 1 0 2 -2 0 0 0 0 0 0 -1 -1 0 -1 0 0 
4 1 2 -4 -2 -2 -1 -1 1 1 0 0 0 0 1 1 1 0 -1 1 0 1 0 1 
11 1 1 -13 -9 -4 -3 -9 2 5 5 -1 2 1 2 2 -1 -1 -2 -2 -1 0 0 1 
-1 -2 0 -1 0 0 -1 1 0 1 0 1 0 1 0 0 0 0 0 1 0 1 0 0 
-6 -2 -1 6 3 3 1 3 -1 -2 -1 0 0 0 -2 -1 -1 1 1 0 0 -1 0 -1 
10 -2 -1 -15 -11 -5 -4 -11 5 7 7 -3 3 2 2 1 -2 -1 -2 -1 -1 1 -2 1 
15 0 1 -19 -13 -7 -5 -12 5 8 7 -2 3 2 3 2 -1 -1 -3 -1 -1 2 -1 2 
7 -1 1 -11 -7 -3 -3 -7 3 4 4 -1 1 1 1 2 -1 0 -2 0 -1 1 0 1 
4 0 1 -4 -3 -1 -1 -2 1 1 2 -2 0 1 1 0 0 0 -1 0 0 0 -1 0 
3 0 1 -5 -3 -2 -2 -2 1 2 1 0 0 1 1 1 1 0 -1 0 0 1 0 1 
0 -2 -1 -1 -1 -1 -1 0 0 1 0 0 1 1 0 0 -1 -1 1 0 0 0 -1 -1 
5 2 1 -5 -2 -3 0 -2 1 2 0 1 1 0 1 1 0 -1 0 1 0 1 -1 1 
-1 2 0 2 1 1 0 0 0 -1 -1 0 0 -1 0 0 1 0 0 -1 -1 -1 1 0 
3 -2 1 -4 -3 -1 -2 -1 1 2 1 -1 1 1 1 0 0 0 -1 1 0 1 -1 0 
-11 -1 1 15 10 6 3 11 -5 -6 -5 1 -2 0 -2 -2 1 2 2 1 2 -1 1 -1 
-1 -1 0 1 0 1 -1 0 -1 0 0 0 0 0 0 0 0 0 0 -1 0 0 1 0 
-11 -2 -1 13 8 6 2 8 -3 -5 -3 0 -2 -1 -2 -2 1 1 1 0 1 -1 1 -1 
-11 0 0 14 11 4 4 11 -4 -6 -7 3 -3 -1 -2 -1 1 1 3 2 1 0 1 -2 
-7 -1 0 8 6 2 2 7 -2 -3 -4 2 -2 0 -1 -1 1 1 1 2 1 1 0 -1 
6 0 1 -6 -4 -2 -1 -3 1 2 2 -1 1 1 1 0 -1 -1 -1 0 0 0 -1 0 
-3 0 0 4 3 1 2 3 -1 -2 -2 1 -1 0 -1 0 -1 1 1 1 0 0 0 -1 
2 -1 -1 -5 -4 -1 -1 -5 2 2 3 0 1 0 0 1 -1 0 -1 -1 -1 0 0 1 
