6 0 0 -10 -5 -4 -1 -6 3 4 3 0 1 1 1 2 -1 -1 -1 0 0 1 -1 1 
-6 1 -1 8 4 3 1 4 -1 -3 -3 1 0 -2 -1 -1 1 0 1 0 -1 -1 1 0 
-8 1 0 13 8 5 3 8 -4 -5 -3 -1 -2 -1 -1 -3 2 1 1 0 2 -2 0 -1 
2 1 -1 -5 -2 -3 -1 -3 2 3 1 0 1 0 1 1 1 -2 0 0 0 0 -1 1 
1 -2 0 -2 -1 0 0 -1 0 1 2 -1 0 1 0 0 -1 0 -1 0 1 0 -1 0 
-1 0 0 -1 0 0 1 -1 1 0 0 1 0 0 -1 1 -1 1 0 0 0 0 0 0 
5 -1 0 -5 -4 -2 -2 -3 1 2 2 -1 1 1 1 0 -1 0 0 -1 0 1 0 0 
0 1 -1 2 0 1 0 0 0 -1 0 0 0 -1 0 -1 0 0 0 -1 -1 0 1 0 
1 0 -1 -2 -1 -1 0 -1 1 1 1 0 0 0 0 0 0 -1 0 0 0 0 -1 0 
-7 0 -2 7 5 2 2 4 -1 -2 -2 1 -1 -1 -1 -1 1 0 1 0 1 0 0 0 
2 1 0 -1 -2 0 -1 -2 1 1 2 -2 1 0 1 -1 1 0 -1 -1 0 -1 0 1 
-4 1 1 4 4 2 2 3 -1 -2 -1 0 -2 0 -1 0 1 1 0 1 1 -1 0 0 
5 0 0 -5 -5 -1 -2 -5 2 2 3 -2 2 0 1 0 -1 0 -1 -1 -1 0 0 1 
0 -1 -1 -2 -1 -1 -1 -1 1 1 0 1 1 0 0 1 -1 -1 1 0 -1 0 0 0 
-1 -2 0 0 0 0 -1 1 -1 0 0 0 -1 1 -1 0 0 0 0 0 0 0 0 -1 
14 1 -1 -20 -13 -8 -5 -14 6 9 6 -1 4 1 3 3 -1 -3 -2 -2 -2 1 -1 2 
11 -1 1 -15 -10 -5 -3 -10 4 6 6 -2 2 2 2 2 -2 0 -2 -1 0 1 -1 1 
2 -2 0 -5 -3 -1 -1 -3 1 2 2 0 0 1 0 1 -1 0 -1 0 0 1 0 0 
0 0 1 0 0 0 1 0 0 0 0 0 0 1 0 0 0 1 0 0 1 0 0 0 
1 0 0 -3 -2 -2 -1 -2 2 1 0 1 1 0 0 1 0 0 0 1 -1 1 0 1 
1 3 1 -1 0 -1 1 -1 1 0 -1 1 0 -1 0 1 1 0 0 1 -1 0 0 1 
-1 0 -1 2 0 1 0 0 0 0 0 -1 1 -1 0 -1 0 0 0 -1 0 -1 0 0 
4 1 0 -3 -3 -2 -1 -2 1 1 1 0 1 0 1 0 0 0 0 0 -1 1 0 1 
-4 1 1 6 6 2 3 5 -3 -3 -3 2 -2 0 -1 0 0 1 1 1 1 0 1 -1 
-4 -2 -1 4 2 2 0 2 -1 -1 0 -1 0 0 -1 -1 0 0 1 -1 1 -1 0 -1 
2 0 0 -3 -2 -1 0 -3 1 1 1 0 0 0 0 1 -1 0 -1 0 -1 0 0 0 
-6 3 2 10 8 3 4 8 -3 -5 -5 2 -3 -1 -1 -1 2 2 1 2 1 0 1 0 
-8 1 1 11 7 5 3 6 -3 -5 -3 0 -2 -1 -2 -1 1 2 1 0 1 -2 1 -1 
-6 0 0 9 6 4 2 6 -3 -4 -2 0 -2 -1 -1 -2 1 1 1 0 1 -1 1 -1 
6 -1 -1 -8 -5 -4 -2 -5 2 4 3 -1 2 1 1 1 -1 -2 0 -1 0 0 -1 0 
-3 -1 -1 2 2 0 -1 3 0 0 -2 1 0 0 0 0 1 -1 1 1 0 1 0 0 
0 -1 -1 -1 -1 -1 -1 -1 1 1 0 0 0 0 0 0 0 -1 0 0 -1 1 0 0 
-8 0 0 11 7 4 2 7 -3 -5 -4 1 -2 -1 -2 -1 1 1 2 0 0 -1 2 -1 
-16 1 0 22 15 8 6 14 -6 -9 -7 1 -4 -2 -3 -3 2 2 3 1 2 -2 1 -2 
3 2 1 -2 -1 -1 0 -2 1 1 1 -1 0 0 1 0 1 0 -1 0 0 0 0 1 
2 1 0 -2 -2 -1 0 -3 1 1 2 -1 1 0 0 0 0 0 0 -1 0 -1 0 1 
5 -2 -1 -10 -7 -3 -3 -7 4 5 4 -1 2 1 1 1 -1 -1 -2 0 -1 1 -1 1 
-7 -1 -2 7 4 3 1 3 -1 -3 -2 1 -1 -2 -2 0 0 0 1 0 -1 -1 1 -1 
6 4 2 -4 -2 -2 0 -2 0 0 0 1 0 0 1 1 0 0 0 0 -1 0 1 1 
5 0 1 -6 -4 -2 -2 -4 1 3 2 -1 1 1 1 1 0 -1 -1 -1 0 0 0 0 
2 -2 -1 -4 -3 -2 -2 -2 2 3 2 -1 2 1 1 0 0 -1 0 0 1 1 -1 1 
-2 0 0 3 2 1 1 2 -1 -1 -1 0 0 0 0 -1 0 0 1 0 1 0 0 0 
7 2 1 -7 -3 -4 0 -3 1 3 1 0 1 1 2 1 0 -1 0 0 1 1 -1 1 
1 0 -1 -2 -2 0 0 -3 1 1 2 -1 1 0 0 0 -1 0 -1 -1 0 -1 -1 0 
11 -1 0 -15 -11 -5 -4 -11 4 7 6 -2 4 2 2 2 -2 -1 -2 -2 -1 0 -1 1 
4 0 1 -5 -2 -2 -1 -2 1 2 1 0 0 1 1 1 0 0 -1 1 0 1 0 0 
-2 -1 -1 1 0 1 -1 0 1 0 0 0 1 0 0 0 0 0 0 0 -1 0 0 0 
3 0 -1 -4 -3 -2 -1 -3 1 2 2 -1 1 0 1 0 0 -1 0 -1 0 0 -1 0 
