2 2 0 0 1 -1 1 1 -1 0 -1 1 0 0 1 0 0 -1 1 0 0 0 0 0 
-12 -1 0 15 10 6 3 10 -4 -6 -4 0 -3 -1 -2 -2 2 2 1 1 2 -1 1 -1 
7 -2 -1 -12 -9 -4 -4 -9 4 6 5 -1 3 1 1 1 -1 -1 -2 -1 -1 1 -1 1 
2 0 -1 -2 -1 -1 -1 -1 0 1 1 0 1 0 1 0 0 -1 0 -1 0 0 0 0 
5 3 0 -4 -2 -3 1 -3 1 2 1 0 1 0 1 0 0 -1 0 0 0 0 -1 1 
-2 -1 1 3 3 1 1 4 -2 -1 -2 1 -1 1 0 0 0 0 1 1 1 0 0 -1 
3 -1 -1 -7 -5 -3 -2 -5 3 3 1 1 1 0 0 2 -1 -1 0 0 -2 1 0 0 
-14 -1 -2 16 10 6 4 9 -3 -6 -4 1 -3 -2 -3 -2 1 2 2 1 1 -1 1 -1 
-5 0 -2 6 4 2 2 3 -2 -2 -1 1 -1 -1 -1 -1 0 0 1 0 0 -1 0 -1 
-2 0 -1 2 2 0 1 2 -1 0 -1 1 0 0 0 0 0 0 1 0 1 0 0 0 
1 -1 -1 -3 -3 -1 -1 -4 2 2 3 -1 1 0 0 0 0 0 -1 -1 0 0 0 1 
5 0 0 -5 -3 -2 -1 -3 0 2 2 0 1 1 1 0 -1 -1 0 -1 0 0 0 0 
5 0 0 -7 -5 -3 -2 -5 3 3 2 -1 1 0 1 1 0 -1 -1 0 -1 1 0 1 
-12 1 -1 17 12 5 4 12 -5 -7 -7 2 -3 -2 -2 -2 2 0 3 1 1 -1 1 -2 
4 -2 -1 -8 -6 -2 -2 -7 3 3 4 -1 2 1 0 1 -2 0 -1 -1 -1 0 -1 0 
-1 -1 -1 0 0 0 0 0 1 0 1 0 0 0 0 0 0 0 0 0 0 0 0 0 
11 1 1 -13 -9 -5 -3 -8 3 5 3 0 2 1 2 2 -1 -2 -1 -1 -2 1 0 1 
4 3 1 -2 -1 -1 1 -1 0 0 0 0 0 0 1 0 0 0 0 0 0 0 0 1 
4 1 2 -5 -3 -1 -1 -3 1 2 1 0 1 1 1 1 0 0 -1 0 0 0 0 1 
8 -2 1 -12 -8 -4 -4 -7 3 5 4 -2 2 2 2 2 -1 -1 -2 -1 0 1 -1 1 
8 -1 2 -9 -6 -2 -3 -5 1 3 4 -2 1 2 2 1 -1 0 -2 -1 0 0 0 0 
0 -1 0 -1 -1 0 -1 -1 1 1 1 -1 0 0 0 0 1 0 -1 0 0 0 0 0 
1 -2 -1 -4 -4 -1 -2 -4 2 2 2 -1 1 0 0 1 -1 0 -1 -1 -1 0 0 0 
-7 2 1 12 9 4 4 9 -4 -5 -5 1 -2 -1 -1 -2 1 1 2 1 2 -1 0 -1 
