12 -1 -1 -16 -12 -6 -4 -12 4 7 6 -1 3 1 2 2 -2 -2 -2 -2 -2 1 -1 1 
-19 0 0 24 16 9 6 16 -6 -10 -8 2 -4 -2 -4 -3 2 3 3 2 2 -2 1 -2 
-8 1 0 11 8 4 2 8 -3 -5 -5 2 -2 -1 -1 -1 1 1 2 1 0 0 2 -1 
-1 -2 -2 -1 -2 0 0 -2 0 1 1 1 0 0 -1 0 -2 0 0 -1 -1 0 0 -1 
6 1 0 -7 -5 -2 -2 -6 2 3 3 -1 2 0 2 1 0 -1 -1 -1 -1 0 0 1 
6 1 0 -7 -5 -4 -1 -5 2 3 2 0 1 0 1 1 0 -1 -1 0 -1 1 -1 1 
8 -2 0 -11 -7 -5 -4 -5 3 5 3 -1 2 2 2 1 0 -2 -1 0 0 2 -1 1 
-11 -3 -1 11 7 4 1 8 -2 -4 -4 1 -1 0 -2 -1 1 1 2 1 1 0 0 -1 
-3 -3 -2 1 -1 1 -1 -1 0 0 1 0 0 0 -1 0 -1 0 0 -1 -1 0 0 -1 
-2 0 -2 2 0 0 0 0 0 0 -1 1 1 -1 0 0 0 -1 1 -1 -1 0 0 0 
-15 -1 -1 17 12 6 4 12 -4 -7 -7 3 -3 -1 -3 -2 1 2 3 2 1 0 1 -2 
-2 0 -1 2 1 1 1 0 -1 -1 -1 1 -1 -1 -1 0 -1 0 0 0 -1 0 0 -1 
-1 -1 1 0 1 0 -1 2 0 0 -1 0 0 1 0 0 1 0 0 1 1 0 0 0 
3 -2 0 -4 -4 -1 -1 -3 1 2 3 -1 1 1 0 0 -1 0 -1 0 0 0 -1 0 
0 -1 -1 -2 -1 0 0 -2 1 1 2 -1 0 0 0 0 -1 0 -1 0 0 0 -1 0 
-2 -4 -2 -2 -2 -1 -1 -1 1 2 1 1 0 1 -1 0 -1 0 0 0 0 1 -1 -1 
16 0 1 -19 -12 -8 -5 -11 4 8 5 -1 3 2 3 2 -1 -3 -2 -1 -1 2 -1 1 
13 1 1 -15 -10 -5 -4 -10 3 6 5 -2 3 1 3 2 -1 -2 -2 -2 -1 0 -1 1 
8 3 1 -7 -4 -4 -1 -4 2 2 1 0 1 0 2 1 0 -1 0 0 -1 1 0 1 
-2 2 0 4 3 1 3 2 -1 -2 -1 0 -1 -1 -1 -1 0 1 0 0 1 -1 0 0 
-5 0 -1 5 3 2 2 2 -1 -2 -1 0 -2 -1 -2 -1 0 1 0 0 0 -1 0 -1 
-8 0 1 10 8 3 2 9 -3 -4 -5 2 -2 0 -1 -1 2 1 2 2 1 0 1 -1 
-2 -1 -1 0 0 0 0 0 1 0 0 0 0 0 -1 0 0 0 0 0 0 0 0 0 
12 1 1 -14 -10 -5 -3 -10 4 6 5 -2 3 1 3 2 -1 -1 -2 -1 -1 1 -1 2 
6 2 1 -5 -3 -2 -1 -3 0 2 1 -1 0 0 1 0 0 -1 -1 -1 0 0 0 0 
-11 0 0 13 10 5 4 9 -3 -6 -5 2 -3 -1 -2 -1 1 2 2 2 1 0 1 -1 
-5 0 -1 7 3 3 2 3 -1 -3 -1 0 0 -1 -1 -1 0 1 1 0 0 -1 0 0 
-1 1 0 3 2 1 1 2 -1 -1 -1 -1 -1 -1 0 -1 1 0 0 0 1 0 0 0 
1 3 1 3 2 1 2 2 -2 -2 -1 0 -1 -1 0 -1 0 0 0 0 0 -1 0 0 
4 1 1 -5 -3 -1 -1 -4 1 1 1 0 0 0 0 1 -1 0 -1 -1 -1 0 1 0 
2 -2 -1 -6 -5 -2 -2 -5 2 3 3 0 1 1 0 1 -1 0 -1 -1 -1 0 0 0 
-9 -1 0 11 8 4 3 8 -4 -5 -4 2 -3 0 -2 -1 0 2 2 1 1 0 1 -2 
-3 1 0 6 4 2 2 4 -3 -3 -3 1 -2 -1 -1 -1 0 0 1 0 0 0 1 -1 
-4 4 1 9 7 3 4 6 -4 -5 -4 1 -3 -2 -1 -1 1 1 1 0 1 -1 1 -1 
-6 -1 0 7 4 3 2 4 -1 -3 -1 0 -1 0 -1 -1 0 2 1 1 1 0 0 0 
0 0 1 2 1 1 0 2 -1 -1 -1 -1 0 0 0 -1 0 0 0 0 1 0 0 0 
-1 -1 0 0 0 0 0 0 1 0 1 0 0 1 0 0 0 1 0 1 0 0 0 0 
-9 0 0 10 8 4 3 7 -3 -4 -4 1 -3 -1 -2 -1 1 1 1 1 1 -1 1 -1 
-4 -2 -1 5 2 2 0 3 -1 -2 -1 0 0 -1 -1 -1 0 0 0 0 0 0 0 0 
0 0 0 0 0 0 0 0 0 0 0 0 -1 0 0 0 0 1 0 0 0 1 1 0 
5 0 0 -8 -6 -3 -3 -6 3 4 3 -1 2 1 1 1 0 -1 -1 -1 -1 0 0 1 
3 2 1 -1 0 -1 -1 1 -1 0 -1 0 0 0 1 0 1 -1 0 0 0 0 0 0 
4 1 0 -5 -4 -2 -2 -4 2 2 1 0 2 0 1 1 0 -1 0 -1 -1 0 0 1 
9 1 1 -12 -7 -5 -2 -8 4 5 4 -1 2 1 2 2 0 -1 -2 0 0 1 -1 2 
13 -1 0 -18 -12 -7 -5 -12 6 8 6 -2 4 2 3 2 -1 -2 -2 -1 -1 2 -1 2 
-3 -2 -2 0 -1 1 0 -2 2 0 2 0 0 0 -1 0 -1 1 0 0 -1 0 0 0 
6 -1 -1 -11 -7 -5 -2 -8 4 5 4 0 2 1 1 2 -1 -1 -1 0 -1 1 -1 1 
7 0 1 -8 -5 -3 -2 -4 1 3 2 -1 1 1 1 1 -1 -1 -1 -1 0 0 -1 0 
