-13 2 0 19 13 7 5 12 -5 -8 -6 0 -3 -2 -2 -3 2 2 2 1 2 -2 1 -1 
8 -1 0 -11 -8 -4 -4 -7 3 5 4 -1 2 1 2 1 0 -2 -2 -1 -1 1 -1 1 
13 -1 0 -19 -13 -7 -4 -13 5 8 6 0 3 2 2 3 -3 -1 -2 -1 -2 2 -1 1 
2 1 0 -2 -2 0 -1 -3 1 1 2 -2 1 0 1 0 0 0 -1 -1 0 -1 0 1 
-8 2 1 13 9 5 4 9 -4 -6 -5 1 -2 -1 -1 -2 1 2 2 1 1 -1 1 -1 
-10 1 0 15 10 5 4 10 -4 -6 -5 0 -3 -2 -2 -3 2 1 1 1 2 -1 0 -1 
-1 0 0 2 2 0 1 2 -1 -1 -1 1 -1 0 -1 0 0 0 1 1 0 0 0 -1 
-2 0 0 3 3 0 0 4 -2 -1 -3 2 -1 0 0 0 1 -1 1 1 0 1 0 -1 
-8 1 -1 11 7 4 3 6 -3 -4 -3 0 -2 -1 -1 -2 1 1 1 0 1 -1 0 -1 
3 2 1 -1 0 -1 0 0 -1 0 -1 0 0 0 1 0 0 -1 0 0 0 0 0 0 
3 0 0 -4 -3 -2 -2 -2 1 2 0 1 1 0 1 1 0 -1 0 0 -1 1 0 0 
-12 0 -2 14 9 5 3 8 -3 -5 -5 1 -2 -2 -2 -2 1 1 2 0 1 -1 1 -1 
-3 1 0 4 3 1 1 3 -1 -2 -2 2 -1 -1 -1 0 1 0 1 1 -1 0 1 0 
-3 -1 -1 4 2 2 0 2 0 -1 1 -2 0 0 0 -2 1 0 0 0 1 -1 -1 0 
2 -1 0 -4 -3 -1 -1 -3 1 2 1 0 1 1 0 1 -1 0 0 -1 0 0 0 0 
-3 3 2 8 6 3 2 6 -3 -4 -3 0 -2 -1 0 -1 2 1 0 1 1 -1 1 0 
-9 1 -1 13 9 4 4 8 -3 -5 -4 1 -2 -2 -2 -2 1 1 2 1 1 -1 1 -1 
-1 1 0 2 2 0 1 2 -1 -1 -2 1 0 0 0 0 0 0 1 0 0 0 1 0 
4 -2 0 -7 -5 -3 -1 -4 2 3 2 0 1 1 0 1 -2 0 -1 0 0 1 -1 0 
3 1 0 -4 -3 -1 -1 -4 2 1 2 -1 1 -1 0 1 0 -1 -1 -1 -1 -1 0 1 
-8 0 -1 9 5 4 2 4 -1 -4 -2 0 -2 -2 -2 -1 1 1 0 0 0 -1 1 0 
9 0 1 -11 -8 -4 -3 -7 3 5 4 -1 2 1 2 1 0 -1 -2 0 -1 1 -1 1 
2 0 0 -3 -2 -1 -1 -2 1 1 1 0 0 0 0 1 0 -1 0 0 -1 0 0 0 
-6 -2 0 7 5 3 1 6 -2 -3 -3 0 -1 0 -1 -1 0 1 1 1 1 0 0 -1 
