-1 2 1 2 2 0 2 2 -1 -2 -3 3 -1 -1 -1 1 0 0 1 1 -1 0 1 0 
-3 -1 -1 2 1 1 1 0 0 0 1 -1 -1 0 -1 -1 0 1 -1 0 1 0 -1 0 
6 0 0 -7 -5 -2 -3 -5 1 4 3 -2 2 1 2 0 0 -1 -1 -2 0 0 0 0 
2 1 0 -4 -2 -2 0 -3 1 2 0 1 0 0 0 1 0 -1 0 0 -1 0 0 0 
3 0 0 -4 -3 -1 -1 -3 1 1 1 1 1 0 0 1 -1 0 0 -1 -1 0 1 0 
-7 3 1 12 9 3 5 9 -4 -6 -6 3 -3 -2 -2 -1 1 1 2 2 1 0 1 0 
-3 1 0 6 4 2 1 4 -1 -3 -2 0 0 -1 0 -1 1 0 1 1 0 0 0 0 
-2 1 0 4 2 2 2 1 -1 -2 0 0 -1 -1 -1 -1 0 1 -1 0 0 0 0 0 
5 1 1 -6 -4 -2 0 -4 1 2 1 1 0 0 0 1 -1 0 -1 0 -1 1 0 0 
0 2 0 1 1 0 2 0 -1 -1 -1 2 -1 -1 -1 0 0 0 0 0 -1 0 1 0 
-5 0 -1 7 4 3 1 3 -2 -2 -1 -1 -1 -1 -1 -2 1 0 0 -1 1 -1 0 -1 
-3 1 0 4 3 1 2 3 -2 -2 -3 2 -2 -1 -1 0 0 0 1 0 0 0 1 -1 
-3 -2 -2 2 0 1 -1 0 1 0 1 -1 1 0 0 -1 0 0 0 0 0 0 -1 0 
1 1 0 -3 -1 -2 1 -2 2 1 0 1 0 0 0 1 0 0 0 1 0 1 -1 1 
-1 0 0 2 2 1 0 2 -1 -1 -1 0 -1 0 0 0 0 0 1 0 0 0 1 -1 
-8 1 -1 9 6 3 3 4 -1 -3 -3 1 -1 -2 -2 -1 1 0 1 1 0 -1 0 0 
-3 0 0 4 3 1 0 4 -1 -2 -3 1 0 -1 0 0 1 -1 1 1 0 0 0 0 
0 -1 0 -1 -1 0 -1 0 0 0 0 1 0 0 0 1 0 0 0 0 -1 0 1 0 
-3 2 1 7 5 2 1 6 -3 -3 -3 0 -1 -1 0 -1 2 0 1 0 1 -1 1 0 
-5 -3 -1 4 3 1 0 4 -1 -1 -1 0 -1 1 -1 -1 0 0 1 1 1 0 -1 -1 
-5 -2 -1 5 3 1 1 4 -1 -1 -2 0 -1 0 -1 -1 0 0 1 1 1 0 -1 -1 
4 0 -1 -5 -4 -2 -2 -5 2 3 3 -2 2 0 1 0 0 -1 -1 -1 0 0 -1 1 
5 -3 -1 -8 -6 -3 -3 -5 3 4 4 -2 2 2 1 0 -1 -1 -1 0 0 1 -2 0 
5 3 2 -3 -1 -2 1 -1 0 0 0 1 0 0 1 1 0 0 0 0 0 0 1 1 
3 1 1 -2 -2 0 0 -2 0 0 2 -1 0 0 0 0 0 1 -1 -1 0 -1 0 0 
-15 -1 -2 18 12 6 4 12 -4 -7 -7 3 -3 -2 -3 -2 1 1 3 2 0 0 1 -2 
4 -2 -2 -8 -6 -3 -3 -6 3 4 3 -1 2 0 1 1 -1 -2 -1 -1 -1 1 -1 1 
-5 0 0 8 5 3 1 6 -3 -4 -3 1 -2 -1 -1 -1 1 1 1 0 0 0 1 -1 
3 0 0 -5 -4 -1 -1 -5 2 2 4 -2 1 0 0 0 0 0 -2 -1 0 -1 -1 1 
-2 -1 -1 1 0 1 1 -1 0 0 1 0 0 0 -1 0 -1 1 0 -1 0 -1 0 -1 
7 1 0 -8 -5 -4 -2 -5 2 4 2 -1 2 1 2 1 0 -2 0 -1 0 0 0 1 
-9 1 -1 12 8 4 3 8 -3 -5 -5 2 -2 -2 -2 -1 1 0 2 1 0 -1 1 -1 
-8 0 -1 10 6 4 2 6 -2 -5 -3 1 -2 -2 -2 -1 1 1 1 0 0 -1 1 -1 
-8 0 -1 10 6 4 2 6 -3 -4 -3 1 -2 -2 -2 -1 1 1 1 0 0 -1 1 -1 
-5 -1 -2 6 4 2 1 4 -2 -2 -2 1 -1 -1 -1 -1 0 -1 1 0 0 0 0 -1 
2 0 0 -2 -2 0 0 -2 0 0 2 0 0 0 0 0 -1 1 -1 -1 0 0 0 0 
-1 0 -1 2 1 0 0 1 0 0 -1 0 1 0 0 -1 0 -1 1 0 0 0 0 0 
-1 1 0 2 1 0 0 1 0 -1 -1 1 0 0 0 0 1 0 1 0 -1 0 1 0 
3 0 1 -5 -2 -2 -1 -2 1 2 1 0 0 1 1 1 0 0 -1 0 1 1 0 1 
-9 0 0 14 9 5 3 10 -5 -6 -5 1 -3 -1 -2 -2 1 1 2 0 1 -1 1 -2 
13 1 1 -14 -10 -5 -3 -10 3 6 6 -3 3 2 3 1 -1 -1 -2 -2 0 0 -1 1 
5 0 2 -5 -4 -1 -1 -3 1 2 3 -2 1 1 1 0 0 1 -2 0 1 0 -1 1 
10 -2 0 -15 -10 -5 -3 -10 4 7 6 -2 3 2 2 2 -2 -1 -2 -1 0 1 -2 1 
0 1 1 2 3 0 1 3 -2 -1 -3 2 -1 0 0 0 0 0 1 1 0 1 1 -1 
-9 0 0 13 9 5 4 9 -4 -6 -5 2 -3 -1 -2 -2 0 2 2 1 1 0 1 -2 
-6 -3 -3 4 2 1 0 2 0 0 -1 0 0 0 -1 -1 0 -1 1 0 0 0 -1 -1 
-6 1 0 9 7 3 2 7 -3 -4 -5 2 -2 -1 -1 -1 1 0 2 1 0 0 2 -1 
2 2 2 -2 -1 0 1 -2 0 0 1 0 0 0 0 1 0 1 -1 0 0 -1 0 1 
