-10 -1 -1 11 8 3 3 8 -3 -4 -5 2 -2 -1 -2 -1 1 0 2 1 1 0 0 -1 
5 1 1 -4 -3 -1 -1 -3 1 1 2 -1 0 0 1 0 0 0 -1 0 -1 0 0 0 
-1 -1 0 0 0 1 -1 0 0 0 1 0 0 1 0 0 0 1 0 0 0 0 1 0 
-11 1 1 14 11 5 4 10 -4 -6 -6 2 -3 -1 -2 -1 2 1 2 2 1 -1 1 -1 
-8 -3 -1 7 4 3 1 5 -2 -2 -2 1 -1 0 -2 -1 0 1 1 0 1 0 0 -1 
-3 0 -2 4 2 0 1 2 0 -1 -1 0 0 -1 0 -1 1 -1 1 0 0 0 -1 0 
8 1 0 -9 -6 -4 -2 -6 2 4 3 -1 2 1 2 1 -1 -1 -1 -1 0 1 -1 1 
1 -1 -1 -2 -2 -1 -1 -2 1 1 1 0 0 0 0 0 -1 0 0 0 -1 1 0 0 
-20 1 -1 26 18 9 7 17 -7 -11 -10 4 -5 -3 -4 -3 2 2 4 2 1 -1 2 -2 
-8 -2 -1 8 5 3 2 5 -2 -3 -2 1 -2 0 -2 -1 0 1 1 1 0 0 0 -1 
4 -1 0 -7 -5 -2 -3 -5 3 3 3 -1 1 1 1 1 0 0 -1 0 -1 1 0 1 
-16 -1 -1 19 13 7 4 13 -4 -8 -7 2 -3 -2 -3 -2 2 1 3 2 1 -1 1 -1 
14 1 2 -16 -10 -6 -4 -9 3 6 5 -2 2 2 3 2 -1 -1 -2 -1 0 1 -1 1 
3 1 1 -2 -1 -1 0 -1 0 1 0 0 1 0 1 0 0 -1 0 0 0 0 -1 0 
-14 0 -1 17 11 7 4 10 -3 -7 -5 1 -2 -2 -3 -2 1 2 2 1 1 -2 1 -1 
-3 2 0 4 4 0 1 3 -1 -1 -3 1 -1 -1 0 0 2 -1 1 1 0 0 0 0 
7 0 0 -9 -6 -4 -3 -5 2 4 2 -1 2 1 2 1 0 -2 -1 -1 0 1 -1 1 
-4 -3 -1 2 1 1 0 2 -1 -1 -1 1 -1 0 -2 0 -1 0 0 0 0 0 0 -1 
6 -2 -2 -11 -8 -4 -3 -8 4 5 5 -1 2 1 1 1 -1 -1 -2 -1 -1 1 -1 1 
12 2 1 -14 -9 -5 -2 -10 4 5 5 -2 2 1 2 2 -1 -1 -2 -1 -1 0 -1 1 
-3 4 1 7 6 2 3 5 -2 -4 -4 1 -2 -2 0 0 2 0 1 1 0 -1 1 0 
11 0 1 -13 -9 -5 -4 -8 3 6 5 -2 2 2 3 1 0 -1 -2 -1 0 1 -1 1 
10 3 2 -10 -6 -4 -1 -6 2 3 2 0 1 1 2 2 -1 0 -1 0 -1 1 0 1 
-3 -3 -2 0 -1 0 0 -1 1 1 1 0 1 0 -1 0 -1 0 0 0 0 0 -1 0 
