4 -1 0 -6 -3 -3 -1 -2 1 3 0 1 1 1 1 1 -1 -1 0 1 0 2 -1 0 
1 1 0 -2 -1 -1 0 -2 0 1 1 0 0 0 0 1 0 0 0 -1 0 -1 0 0 
-8 2 1 14 9 6 4 8 -4 -7 -4 0 -3 -2 -2 -2 1 2 1 0 1 -2 2 -1 
0 0 1 1 2 0 0 3 -2 -1 -3 2 -1 0 0 1 0 0 1 1 0 1 1 -1 
4 -1 0 -4 -3 -2 -1 -2 1 2 1 -1 1 1 1 0 -1 -1 0 0 0 1 -1 0 
8 1 0 -12 -7 -5 -1 -8 3 5 3 1 2 1 1 2 -2 -1 -1 0 -1 1 -1 1 
-4 0 0 6 3 3 1 3 -1 -2 0 -1 0 0 0 -2 1 1 0 0 1 -1 0 0 
-11 0 0 14 9 6 4 8 -4 -5 -3 0 -2 -1 -2 -2 1 2 1 0 2 -2 0 -1 
-4 -1 0 5 4 2 2 4 -2 -2 -2 1 -1 0 -1 0 -1 1 1 1 1 0 0 -1 
-9 0 0 12 9 4 4 9 -5 -5 -6 3 -3 -1 -2 -1 0 1 2 1 1 0 1 -2 
-1 3 2 6 4 3 2 3 -3 -3 -1 -1 -1 -1 0 -1 1 1 0 -1 1 -2 1 0 
2 0 1 -2 0 -1 0 0 0 0 -1 1 0 0 0 1 -1 0 0 1 0 1 0 0 
1 -1 0 -2 -2 0 -2 -2 1 2 3 -3 1 1 1 -1 1 0 -1 -1 1 -1 -1 0 
3 0 0 -4 -2 -3 -1 -1 1 2 0 1 1 1 1 1 0 -1 1 1 0 1 -1 0 
-2 -2 0 2 0 2 -1 1 0 -2 0 0 0 0 -1 0 -1 1 0 0 -1 0 1 0 
3 0 1 -4 -2 -1 -1 -2 0 2 1 0 1 1 1 1 0 0 0 0 0 0 0 0 
6 0 0 -8 -5 -3 -2 -5 3 4 3 -1 2 1 2 0 0 -1 -1 0 0 1 -1 1 
0 -4 -2 -4 -3 -2 -2 -2 2 3 1 0 1 1 0 0 -1 -1 0 0 0 2 -1 0 
4 1 -1 -5 -4 -2 0 -5 2 2 2 0 1 -1 0 0 -1 -1 -1 -1 -1 0 0 1 
0 2 0 1 1 0 0 1 -1 -1 -1 1 -1 -1 0 0 1 0 0 0 -1 0 1 0 
5 1 0 -8 -4 -3 -2 -5 2 3 2 0 1 0 1 2 0 -1 -1 0 -1 0 0 1 
8 2 1 -9 -6 -3 -2 -7 2 4 4 -2 2 1 2 1 0 -1 -1 -2 0 -1 0 1 
-8 1 0 12 8 5 2 8 -4 -5 -3 0 -2 -1 -1 -2 2 1 1 0 1 -2 1 -1 
-3 0 -1 3 2 0 1 2 0 -1 -3 2 0 -1 -1 0 0 -1 1 1 -1 1 0 0 
