232 -8 8 -305 -206 -114 -75 -198 79 128 106 -27 54 35 45 38 -27 -29 -38 -21 -19 21 -20 24
-8 16 5 25 20 7 12 16 -9 -14 -12 4 -6 -6 -1 -2 5 2 3 2 1 -3 4 1
8 5 6 -3 0 -1 1 1 -2 -1 -1 0 -1 1 2 1 1 1 -1 1 1 0 1 1
-305 25 -3 422 287 156 108 276 -114 -181 -149 37 -76 -50 -58 -53 40 40 52 29 27 -30 30 -31
-206 20 0 287 198 105 75 190 -79 -124 -104 27 -53 -34 -39 -35 28 27 36 21 19 -20 21 -21
-114 7 -1 156 105 60 39 101 -42 -67 -53 12 -28 -18 -22 -20 14 16 18 10 10 -12 11 -12
-75 12 1 108 75 39 32 70 -30 -48 -39 11 -21 -14 -15 -13 10 11 13 8 7 -8 8 -7
-198 16 1 276 190 101 70 186 -77 -119 -101 26 -51 -31 -37 -34 27 26 35 21 19 -18 20 -21
79 -9 -2 -114 -79 -42 -30 -77 34 50 42 -11 22 13 15 14 -11 -11 -14 -8 -8 8 -9 9
128 -14 -1 -181 -124 -67 -48 -119 50 80 65 -17 34 22 25 22 -17 -18 -22 -13 -11 13 -14 13
106 -12 -1 -149 -104 -53 -39 -101 42 65 58 -17 28 18 20 17 -15 -13 -20 -12 -9 9 -12 11
-27 4 0 37 27 12 11 26 -11 -17 -17 8 -8 -5 -6 -3 3 3 6 4 1 -1 4 -3
54 -6 -1 -76 -53 -28 -21 -51 22 34 28 -8 16 9 11 9 -7 -8 -9 -6 -5 5 -6 6
35 -6 1 -50 -34 -18 -14 -31 13 22 18 -5 9 8 7 6 -5 -4 -6 -3 -2 4 -4 3
45 -1 2 -58 -39 -22 -15 -37 15 25 20 -6 11 7 10 7 -4 -6 -7 -4 -3 4 -4 5
38 -2 1 -53 -35 -20 -13 -34 14 22 17 -3 9 6 7 8 -5 -5 -6 -3 -4 4 -3 4
-27 5 1 40 28 14 10 27 -11 -17 -15 3 -7 -5 -4 -5 6 3 5 3 3 -3 3 -2
-29 2 1 40 27 16 11 26 -11 -18 -13 3 -8 -4 -6 -5 3 6 4 3 3 -3 3 -3
-38 3 -1 52 36 18 13 35 -14 -22 -20 6 -9 -6 -7 -6 5 4 8 4 3 -3 4 -4
-21 2 1 29 21 10 8 21 -8 -13 -12 4 -6 -3 -4 -3 3 3 4 4 2 -1 2 -2
-19 1 1 27 19 10 7 19 -8 -11 -9 1 -5 -2 -3 -4 3 3 3 2 4 -2 1 -2
21 -3 0 -30 -20 -12 -8 -18 8 13 9 -1 5 4 4 4 -3 -3 -3 -1 -2 4 -2 2
-20 4 1 30 21 11 8 20 -9 -14 -12 4 -6 -4 -4 -3 3 3 4 2 1 -2 4 -2
24 1 1 -31 -21 -12 -7 -21 9 13 11 -3 6 3 5 4 -2 -3 -4 -2 -2 2 -2 4
