12 3 9 6 12 6 0 0 0 0 0 0 4 0 8 0 4 8 4 0 8 0 4 8
3 2 3 3 4 2 0 0 0 0 0 0 1 0 2 0 1 2 1 0 2 0 1 2
9 3 8 6 10 5 0 0 0 0 0 0 3 0 6 0 3 6 3 0 6 0 3 6
6 3 6 6 8 4 0 0 0 0 0 0 2 0 4 0 2 4 2 0 4 0 2 4
12 4 10 8 14 7 0 0 0 0 0 0 4 0 8 0 4 8 4 0 8 0 4 8
6 2 5 4 7 4 0 0 0 0 0 0 2 0 4 0 2 4 2 0 4 0 2 4
0 0 0 0 0 0 12 3 9 6 12 6 4 0 8 0 4 8 8 0 4 0 8 4
0 0 0 0 0 0 3 2 3 3 4 2 1 0 2 0 1 2 2 0 1 0 2 1
0 0 0 0 0 0 9 3 8 6 10 5 3 0 6 0 3 6 6 0 3 0 6 3
0 0 0 0 0 0 6 3 6 6 8 4 2 0 4 0 2 4 4 0 2 0 4 2
0 0 0 0 0 0 12 4 10 8 14 7 4 0 8 0 4 8 8 0 4 0 8 4
0 0 0 0 0 0 6 2 5 4 7 4 2 0 4 0 2 4 4 0 2 0 4 2
4 1 3 2 4 2 4 1 3 2 4 2 4 1 7 2 4 6 4 0 4 0 4 4
0 0 0 0 0 0 0 0 0 0 0 0 1 2 2 3 2 1 0 0 0 0 0 0
8 2 6 4 8 4 8 2 6 4 8 4 7 2 14 4 8 12 8 0 8 0 8 8
0 0 0 0 0 0 0 0 0 0 0 0 2 3 4 6 4 2 0 0 0 0 0 0
4 1 3 2 4 2 4 1 3 2 4 2 4 2 8 4 6 7 4 0 4 0 4 4
8 2 6 4 8 4 8 2 6 4 8 4 6 1 12 2 7 12 8 0 8 0 8 8
4 1 3 2 4 2 8 2 6 4 8 4 4 0 8 0 4 8 8 1 7 2 8 6
0 0 0 0 0 0 0 0 0 0 0 0 0 0 0 0 0 0 1 2 2 3 2 1
8 2 6 4 8 4 4 1 3 2 4 2 4 0 8 0 4 8 7 2 10 4 8 8
0 0 0 0 0 0 0 0 0 0 0 0 0 0 0 0 0 0 2 3 4 6 4 2
4 1 3 2 4 2 8 2 6 4 8 4 4 0 8 0 4 8 8 2 8 4 10 7
8 2 6 4 8 4 4 1 3 2 4 2 4 0 8 0 4 8 6 1 8 2 7 8
